
****d-value computation****

d value: 11

****Signer Side****

Message: [73, 110, 102, 111, 114, 109, 97, 116, 105, 111, 110, 32, 83, 101, 99, 117, 114, 105, 116, 121, 32, 67, 111, 117, 114, 115, 101]
Signature: [1783, 1046, 1165, 382, 829, 240, 709, 536, 932, 382, 1046, 1828, 572, 1493, 1141, 275, 829, 932, 536, 957, 1828, 1863, 382, 275, 829, 1366, 1493]

****Verifier Side****

Decrypted message: [73, 110, 102, 111, 114, 109, 97, 116, 105, 111, 110, 32, 83, 101, 99, 117, 114, 105, 116, 121, 32, 67, 111, 117, 114, 115, 101]
Decrypted message text: Information Security Course

MESSAGE VERIFICATION SUCCESS!!
